0.1561,0.10261,0.17272
0.15696,0.10357,0.17443
0.15782,0.10453,0.17614
0.15868,0.10549,0.17785
0.15954,0.10645,0.17956
0.16039,0.10741,0.18126
0.16125,0.10837,0.18297
0.1621,0.10932,0.18469
0.16295,0.11027,0.18642
0.1638,0.11122,0.18814
0.16465,0.11218,0.18986
0.1655,0.11313,0.19159
0.16635,0.11408,0.19331
0.16719,0.11502,0.19504
0.16803,0.11597,0.19679
0.16887,0.11691,0.19853
0.1697,0.11785,0.20027
0.17054,0.11879,0.20201
0.17138,0.11974,0.20375
0.17222,0.12068,0.2055
0.17304,0.12161,0.20726
0.17387,0.12255,0.20902
0.1747,0.12348,0.21078
0.17552,0.12442,0.21254
0.17635,0.12535,0.2143
0.17718,0.12629,0.21606
0.17799,0.12722,0.21784
0.17881,0.12814,0.21962
0.17963,0.12907,0.2214
0.18044,0.13,0.22318
0.18126,0.13093,0.22496
0.18207,0.13186,0.22674
0.18288,0.13278,0.22853
0.18368,0.13371,0.23033
0.18448,0.13463,0.23214
0.18529,0.13555,0.23394
0.18609,0.13647,0.23574
0.18689,0.13739,0.23754
0.18769,0.13832,0.23935
0.18848,0.13923,0.24117
0.18927,0.14015,0.243
0.19006,0.14107,0.24482
0.19085,0.14198,0.24664
0.19164,0.1429,0.24847
0.19243,0.14382,0.25029
0.1932,0.14473,0.25214
0.19398,0.14565,0.25399
0.19475,0.14656,0.25583
0.19553,0.14747,0.25768
0.1963,0.14838,0.25953
0.19708,0.1493,0.26137
0.19784,0.15021,0.26324
0.1986,0.15112,0.26511
0.19936,0.15203,0.26698
0.20012,0.15294,0.26885
0.20088,0.15385,0.27072
0.20165,0.15475,0.27259
0.2024,0.15566,0.27447
0.20314,0.15657,0.27636
0.20389,0.15748,0.27825
0.20463,0.15838,0.28015
0.20537,0.15929,0.28204
0.20612,0.1602,0.28393
0.20686,0.1611,0.28583
0.20759,0.16201,0.28775
0.20831,0.16291,0.28967
0.20904,0.16382,0.29158
0.20977,0.16472,0.2935
0.21049,0.16563,0.29541
0.21122,0.16653,0.29733
0.21193,0.16744,0.29927
0.21264,0.16834,0.30121
0.21335,0.16924,0.30315
0.21406,0.17015,0.30509
0.21476,0.17105,0.30703
0.21547,0.17195,0.30897
0.21617,0.17286,0.31093
0.21686,0.17376,0.31289
0.21755,0.17466,0.31485
0.21823,0.17557,0.31682
0.21892,0.17647,0.31878
0.21961,0.17738,0.32074
0.22029,0.17828,0.32272
0.22096,0.17918,0.32471
0.22162,0.18009,0.3267
0.22229,0.18099,0.32869
0.22295,0.1819,0.33068
0.22362,0.1828,0.33267
0.22428,0.1837,0.33466
0.22493,0.18461,0.33667
0.22557,0.18552,0.33868
0.22621,0.18642,0.34069
0.22685,0.18733,0.3427
0.2275,0.18824,0.34471
0.22814,0.18914,0.34672
0.22876,0.19005,0.34875
0.22938,0.19096,0.35078
0.23,0.19187,0.35281
0.23061,0.19278,0.35484
0.23123,0.19369,0.35687
0.23185,0.1946,0.3589
0.23245,0.19551,0.36094
0.23304,0.19643,0.363
0.23362,0.19734,0.36505
0.23421,0.19826,0.3671
0.2348,0.19917,0.36916
0.23539,0.20008,0.37121
0.23596,0.201,0.37327
0.23652,0.20192,0.37534
0.23708,0.20284,0.37741
0.23764,0.20376,0.37948
0.23819,0.20468,0.38155
0.23875,0.2056,0.38361
0.23931,0.20653,0.38568
0.23983,0.20746,0.38777
0.24035,0.20838,0.38986
0.24087,0.20931,0.39194
0.24139,0.21024,0.39403
0.24191,0.21117,0.39612
0.24244,0.2121,0.3982
0.24293,0.21304,0.4003
0.24341,0.21398,0.40239
0.24389,0.21492,0.40449
0.24438,0.21586,0.40658
0.24486,0.2168,0.40867
0.24534,0.21774,0.41077
0.24581,0.21869,0.41287
0.24624,0.21964,0.41497
0.24668,0.22059,0.41708
0.24712,0.22155,0.41918
0.24756,0.2225,0.42129
0.248,0.22345,0.42339
0.24842,0.22441,0.4255
0.24881,0.22538,0.4276
0.2492,0.22635,0.42971
0.24959,0.22732,0.43181
0.24998,0.22829,0.43391
0.25037,0.22926,0.43602
0.25076,0.23023,0.43812
0.25109,0.23122,0.44022
0.25143,0.23221,0.44231
0.25176,0.2332,0.4444
0.25209,0.2342,0.4465
0.25243,0.23519,0.44859
0.25276,0.23618,0.45069
0.25305,0.23719,0.45277
0.25332,0.2382,0.45484
0.25359,0.23922,0.45692
0.25387,0.24023,0.45899
0.25414,0.24125,0.46106
0.25441,0.24227,0.46314
0.25465,0.2433,0.46519
0.25485,0.24434,0.46723
0.25505,0.24539,0.46927
0.25526,0.24643,0.47131
0.25546,0.24748,0.47334
0.25566,0.24853,0.47538
0.25585,0.24958,0.47741
0.25597,0.25066,0.47939
0.2561,0.25174,0.48138
0.25622,0.25282,0.48336
0.25635,0.25391,0.48534
0.25647,0.25499,0.48732
0.2566,0.25607,0.48931
0.25665,0.25719,0.49122
0.25669,0.25831,0.49312
0.25673,0.25944,0.49503
0.25677,0.26056,0.49693
0.25681,0.26168,0.49884
0.25686,0.26281,0.50074
0.25685,0.26396,0.50258
0.25681,0.26512,0.50438
0.25676,0.26629,0.50617
0.25672,0.26746,0.50797
0.25668,0.26863,0.50977
0.25663,0.2698,0.51156
0.25657,0.27098,0.51332
0.25644,0.2722,0.51498
0.25632,0.27342,0.51664
0.25619,0.27463,0.5183
0.25607,0.27585,0.51996
0.25594,0.27706,0.52162
0.25582,0.27828,0.52328
0.25562,0.27955,0.52478
0.25543,0.28081,0.52628
0.25523,0.28207,0.52778
0.25504,0.28333,0.52928
0.25484,0.2846,0.53078
0.25464,0.28586,0.53228
0.25441,0.28715,0.53365
0.25416,0.28846,0.53498
0.25391,0.28976,0.5363
0.25366,0.29106,0.53762
0.25341,0.29237,0.53895
0.25316,0.29367,0.54027
0.2529,0.29499,0.54151
0.25262,0.29633,0.54266
0.25234,0.29766,0.5438
0.25206,0.299,0.54495
0.25178,0.30033,0.5461
0.2515,0.30167,0.54724
0.25122,0.30301,0.54835
0.25093,0.30437,0.54933
0.25064,0.30572,0.55031
0.25035,0.30708,0.55129
0.25006,0.30844,0.55226
0.24977,0.3098,0.55324
0.24949,0.31116,0.55422
0.24921,0.31252,0.55506
0.24893,0.31389,0.55588
0.24865,0.31526,0.55671
0.24837,0.31663,0.55754
0.24809,0.318,0.55837
0.24781,0.31937,0.55919
0.24755,0.32075,0.55994
0.24729,0.32212,0.56064
0.24703,0.32349,0.56134
0.24678,0.32487,0.56204
0.24652,0.32624,0.56274
0.24627,0.32761,0.56344
0.24603,0.32899,0.5641
0.2458,0.33036,0.56469
0.24558,0.33173,0.56529
0.24536,0.3331,0.56589
0.24514,0.33447,0.56648
0.24492,0.33584,0.56708
0.2447,0.33722,0.56766
0.24452,0.33858,0.56817
0.24434,0.33995,0.56869
0.24415,0.34131,0.5692
0.24397,0.34268,0.56971
0.24379,0.34404,0.57022
0.24361,0.34541,0.57073
0.24346,0.34676,0.57119
0.24332,0.34812,0.57163
0.24318,0.34948,0.57208
0.24304,0.35083,0.57252
0.2429,0.35219,0.57297
0.24276,0.35355,0.57341
0.24264,0.3549,0.57382
0.24255,0.35624,0.57422
0.24245,0.35759,0.57461
0.24235,0.35893,0.575
0.24226,0.36028,0.5754
0.24216,0.36162,0.57579
0.24208,0.36297,0.57617
0.24203,0.3643,0.57652
0.24197,0.36564,0.57687
0.24192,0.36697,0.57722
0.24187,0.36831,0.57758
0.24181,0.36964,0.57793
0.24176,0.37098,0.57828
0.24175,0.3723,0.5786
0.24174,0.37362,0.57892
0.24173,0.37495,0.57924
0.24171,0.37627,0.57956
0.2417,0.37759,0.57988
0.24169,0.37892,0.5802
0.24171,0.38023,0.58051
0.24174,0.38155,0.58081
0.24177,0.38286,0.5811
0.2418,0.38417,0.5814
0.24183,0.38548,0.5817
0.24186,0.3868,0.582
0.24191,0.3881,0.58229
0.24198,0.38941,0.58257
0.24205,0.39071,0.58285
0.24212,0.39201,0.58313
0.24219,0.39331,0.58341
0.24225,0.39462,0.58369
0.24233,0.39592,0.58397
0.24244,0.39721,0.58423
0.24254,0.3985,0.5845
0.24265,0.39979,0.58477
0.24275,0.40109,0.58504
0.24286,0.40238,0.58531
0.24296,0.40367,0.58557
0.2431,0.40496,0.58583
0.24324,0.40624,0.58609
0.24338,0.40752,0.58635
0.24352,0.40881,0.58661
0.24366,0.41009,0.58687
0.2438,0.41138,0.58713
0.24396,0.41265,0.58739
0.24413,0.41393,0.58764
0.2443,0.41521,0.5879
0.24447,0.41648,0.58815
0.24465,0.41776,0.5884
0.24482,0.41903,0.58866
0.245,0.4203,0.58891
0.2452,0.42157,0.58916
0.2454,0.42284,0.58941
0.24561,0.42411,0.58967
0.24581,0.42538,0.58992
0.24601,0.42665,0.59017
0.24622,0.42791,0.59042
0.24644,0.42917,0.59067
0.24667,0.43044,0.59092
0.2469,0.4317,0.59117
0.24713,0.43296,0.59142
0.24736,0.43422,0.59168
0.24759,0.43548,0.59193
0.24784,0.43674,0.59218
0.2481,0.43799,0.59243
0.24835,0.43925,0.59268
0.2486,0.44051,0.59293
0.24886,0.44176,0.59318
0.24911,0.44302,0.59344
0.24938,0.44427,0.59369
0.24966,0.44552,0.59394
0.24993,0.44677,0.5942
0.25021,0.44802,0.59445
0.25049,0.44928,0.5947
0.25077,0.45053,0.59496
0.25105,0.45178,0.59521
0.25135,0.45302,0.59547
0.25164,0.45427,0.59572
0.25194,0.45552,0.59598
0.25224,0.45676,0.59623
0.25254,0.45801,0.59649
0.25283,0.45926,0.59675
0.25315,0.4605,0.59701
0.25347,0.46174,0.59727
0.25378,0.46299,0.59753
0.2541,0.46423,0.59779
0.25442,0.46547,0.59805
0.25473,0.46672,0.5983
0.25506,0.46796,0.59857
0.25539,0.4692,0.59883
0.25572,0.47044,0.59909
0.25606,0.47168,0.59936
0.25639,0.47292,0.59962
0.25672,0.47416,0.59988
0.25706,0.4754,0.60015
0.25741,0.47664,0.60042
0.25776,0.47788,0.60068
0.2581,0.47912,0.60095
0.25845,0.48035,0.60122
0.2588,0.48159,0.60149
0.25915,0.48283,0.60175
0.25951,0.48407,0.60202
0.25987,0.48531,0.6023
0.26023,0.48654,0.60257
0.26058,0.48778,0.60284
0.26094,0.48902,0.60311
0.2613,0.49025,0.60338
0.26167,0.49149,0.60366
0.26204,0.49273,0.60393
0.26242,0.49396,0.60421
0.26279,0.4952,0.60448
0.26316,0.49643,0.60476
0.26353,0.49767,0.60503
0.2639,0.49891,0.60531
0.26428,0.50014,0.60559
0.26466,0.50138,0.60586
0.26505,0.50261,0.60614
0.26543,0.50385,0.60642
0.26581,0.50509,0.6067
0.26619,0.50632,0.60698
0.26658,0.50756,0.60726
0.26697,0.5088,0.60754
0.26735,0.51003,0.60782
0.26774,0.51127,0.60811
0.26813,0.5125,0.60839
0.26852,0.51374,0.60867
0.26891,0.51498,0.60895
0.26931,0.51621,0.60924
0.26971,0.51745,0.60952
0.2701,0.51869,0.60981
0.2705,0.51992,0.61009
0.27089,0.52116,0.61037
0.27129,0.5224,0.61066
0.27169,0.52364,0.61095
0.27209,0.52488,0.61123
0.27249,0.52611,0.61152
0.2729,0.52735,0.6118
0.2733,0.52859,0.61209
0.2737,0.52983,0.61238
0.27411,0.53107,0.61266
0.27451,0.53231,0.61295
0.27492,0.53355,0.61324
0.27533,0.53479,0.61352
0.27573,0.53603,0.61381
0.27614,0.53727,0.6141
0.27655,0.53851,0.61439
0.27696,0.53975,0.61467
0.27737,0.54099,0.61496
0.27778,0.54223,0.61525
0.27819,0.54347,0.61554
0.27861,0.54472,0.61582
0.27902,0.54596,0.61611
0.27944,0.5472,0.6164
0.27985,0.54845,0.61669
0.28027,0.54969,0.61697
0.28068,0.55094,0.61726
0.2811,0.55218,0.61755
0.28151,0.55342,0.61783
0.28193,0.55467,0.61812
0.28235,0.55592,0.6184
0.28277,0.55716,0.61869
0.28319,0.55841,0.61898
0.28361,0.55966,0.61926
0.28403,0.5609,0.61955
0.28446,0.56215,0.61983
0.28488,0.5634,0.62011
0.2853,0.56465,0.6204
0.28573,0.5659,0.62068
0.28615,0.56715,0.62096
0.28657,0.5684,0.62125
0.287,0.56965,0.62153
0.28743,0.5709,0.62181
0.28786,0.57216,0.62209
0.28829,0.57341,0.62237
0.28872,0.57466,0.62264
0.28914,0.57591,0.62292
0.28958,0.57717,0.6232
0.29001,0.57842,0.62348
0.29044,0.57968,0.62375
0.29088,0.58093,0.62403
0.29131,0.58219,0.6243
0.29174,0.58344,0.62458
0.29218,0.5847,0.62485
0.29262,0.58596,0.62512
0.29306,0.58722,0.62539
0.2935,0.58847,0.62566
0.29394,0.58973,0.62593
0.29438,0.59099,0.6262
0.29482,0.59225,0.62646
0.29527,0.59351,0.62673
0.29572,0.59477,0.62699
0.29616,0.59603,0.62725
0.29661,0.5973,0.62751
0.29706,0.59856,0.62778
0.29751,0.59982,0.62804
0.29796,0.60108,0.62829
0.29842,0.60235,0.62855
0.29888,0.60361,0.6288
0.29933,0.60488,0.62906
0.29979,0.60614,0.62931
0.30025,0.60741,0.62957
0.30071,0.60867,0.62982
0.30118,0.60994,0.63006
0.30165,0.61121,0.63031
0.30212,0.61248,0.63055
0.30258,0.61374,0.6308
0.30305,0.61501,0.63104
0.30353,0.61628,0.63128
0.30401,0.61755,0.63152
0.30449,0.61882,0.63176
0.30497,0.62009,0.63199
0.30545,0.62136,0.63223
0.30593,0.62263,0.63246
0.30642,0.6239,0.63269
0.30691,0.62518,0.63292
0.30741,0.62645,0.63314
0.30791,0.62772,0.63337
0.30841,0.629,0.63359
0.3089,0.63027,0.63381
0.3094,0.63154,0.63404
0.30992,0.63282,0.63425
0.31043,0.6341,0.63446
0.31095,0.63537,0.63467
0.31147,0.63665,0.63488
0.31198,0.63792,0.63509
0.3125,0.6392,0.6353
0.31303,0.64048,0.6355
0.31357,0.64175,0.6357
0.31411,0.64303,0.6359
0.31465,0.64431,0.6361
0.31519,0.64559,0.63629
0.31573,0.64686,0.63649
0.31628,0.64814,0.63668
0.31685,0.64942,0.63686
0.31741,0.6507,0.63705
0.31798,0.65198,0.63723
0.31855,0.65326,0.63741
0.31911,0.65454,0.63759
0.31968,0.65582,0.63777
0.32028,0.6571,0.63794
0.32087,0.65838,0.63811
0.32147,0.65966,0.63827
0.32207,0.66094,0.63844
0.32266,0.66222,0.63861
0.32326,0.6635,0.63877
0.32389,0.66479,0.63892
0.32452,0.66607,0.63907
0.32515,0.66735,0.63922
0.32579,0.66863,0.63937
0.32642,0.66991,0.63952
0.32705,0.67119,0.63967
0.32771,0.67247,0.63981
0.32838,0.67375,0.63994
0.32905,0.67504,0.64008
0.32972,0.67632,0.64021
0.3304,0.6776,0.64034
0.33107,0.67888,0.64047
0.33175,0.68016,0.6406
0.33247,0.68144,0.64071
0.33319,0.68272,0.64082
0.33391,0.684,0.64094
0.33463,0.68528,0.64105
0.33535,0.68656,0.64116
0.33607,0.68784,0.64127
0.33683,0.68912,0.64137
0.3376,0.6904,0.64146
0.33837,0.69168,0.64155
0.33914,0.69296,0.64165
0.33991,0.69424,0.64174
0.34068,0.69552,0.64183
0.3415,0.6968,0.64191
0.34232,0.69807,0.64199
0.34315,0.69935,0.64206
0.34398,0.70063,0.64214
0.34481,0.7019,0.64221
0.34563,0.70318,0.64228
0.34649,0.70445,0.64235
0.34738,0.70573,0.6424
0.34827,0.707,0.64245
0.34916,0.70827,0.64251
0.35005,0.70954,0.64256
0.35095,0.71082,0.64262
0.35185,0.71209,0.64267
0.35281,0.71336,0.6427
0.35377,0.71463,0.64273
0.35474,0.71589,0.64277
0.3557,0.71716,0.6428
0.35666,0.71843,0.64284
0.35762,0.7197,0.64287
0.35865,0.72096,0.64288
0.35969,0.72222,0.6429
0.36073,0.72349,0.64291
0.36177,0.72475,0.64292
0.36281,0.72601,0.64294
0.36384,0.72727,0.64295
0.36494,0.72853,0.64295
0.36606,0.72979,0.64295
0.36718,0.73104,0.64294
0.3683,0.7323,0.64293
0.36942,0.73355,0.64293
0.37054,0.73481,0.64292
0.3717,0.73606,0.64291
0.37291,0.73731,0.64289
0.37412,0.73855,0.64286
0.37534,0.7398,0.64284
0.37655,0.74104,0.64281
0.37776,0.74229,0.64279
0.37898,0.74354,0.64276
0.38029,0.74477,0.64272
0.3816,0.74601,0.64268
0.3829,0.74724,0.64264
0.38421,0.74848,0.6426
0.38552,0.74972,0.64255
0.38683,0.75095,0.64251
0.38822,0.75218,0.64246
0.38963,0.7534,0.6424
0.39104,0.75463,0.64234
0.39245,0.75585,0.64229
0.39386,0.75707,0.64223
0.39527,0.7583,0.64218
0.39674,0.75952,0.64211
0.39825,0.76073,0.64204
0.39977,0.76194,0.64197
0.40129,0.76315,0.6419
0.4028,0.76436,0.64183
0.40432,0.76557,0.64176
0.40587,0.76677,0.64169
0.40749,0.76797,0.64161
0.40912,0.76916,0.64154
0.41075,0.77036,0.64146
0.41237,0.77155,0.64138
0.414,0.77275,0.6413
0.41563,0.77394,0.64122
0.41737,0.77512,0.64114
0.41911,0.7763,0.64105
0.42085,0.77748,0.64097
0.42259,0.77866,0.64089
0.42434,0.77983,0.6408
0.42608,0.78101,0.64072
0.4279,0.78218,0.64063
0.42976,0.78334,0.64055
0.43161,0.78449,0.64047
0.43347,0.78565,0.64038
0.43533,0.78681,0.6403
0.43718,0.78797,0.64021
0.43909,0.78912,0.64013
0.44106,0.79026,0.64005
0.44303,0.7914,0.63997
0.445,0.79254,0.6399
0.44697,0.79368,0.63982
0.44894,0.79482,0.63974
0.45094,0.79595,0.63966
0.45302,0.79707,0.63959
0.4551,0.79819,0.63953
0.45719,0.79931,0.63946
0.45927,0.80042,0.63939
0.46135,0.80154,0.63933
0.46344,0.80266,0.63926
0.46562,0.80375,0.63921
0.46781,0.80485,0.63916
0.47,0.80595,0.63911
0.47219,0.80704,0.63907
0.47438,0.80814,0.63902
0.47657,0.80923,0.63897
0.47883,0.81031,0.63894
0.48112,0.81138,0.63892
0.48342,0.81246,0.6389
0.48571,0.81353,0.63888
0.488,0.8146,0.63885
0.49029,0.81567,0.63883
0.49262,0.81674,0.63882
0.49501,0.81779,0.63884
0.49739,0.81883,0.63885
0.49978,0.81988,0.63886
0.50217,0.82093,0.63887
0.50455,0.82198,0.63889
0.50695,0.82303,0.6389
0.50942,0.82406,0.63896
0.51189,0.82508,0.63901
0.51436,0.82611,0.63906
0.51683,0.82714,0.63912
0.51929,0.82816,0.63917
0.52176,0.82919,0.63923
0.52429,0.8302,0.63932
0.52683,0.8312,0.63942
0.52938,0.83221,0.63952
0.53192,0.83321,0.63963
0.53446,0.83422,0.63973
0.537,0.83522,0.63983
0.53958,0.83622,0.63996
0.54218,0.8372,0.64012
0.54478,0.83818,0.64028
0.54738,0.83917,0.64043
0.54999,0.84015,0.64059
0.55259,0.84114,0.64075
0.55521,0.84212,0.64092
0.55786,0.84308,0.64113
0.56051,0.84405,0.64135
0.56316,0.84501,0.64157
0.56581,0.84598,0.64178
0.56846,0.84695,0.642
0.57111,0.84791,0.64222
0.5738,0.84886,0.6425
0.57649,0.84981,0.64278
0.57918,0.85076,0.64306
0.58187,0.85171,0.64334
0.58456,0.85266,0.64361
0.58725,0.8536,0.64389
0.58995,0.85454,0.64422
0.59267,0.85548,0.64457
0.59538,0.85641,0.64491
0.5981,0.85735,0.64526
0.60081,0.85828,0.64561
0.60353,0.85921,0.64595
0.60625,0.86014,0.64633
0.60899,0.86106,0.64674
0.61172,0.86199,0.64716
0.61445,0.86291,0.64757
0.61718,0.86383,0.64799
0.61992,0.86475,0.6484
0.62265,0.86567,0.64883
0.62539,0.86658,0.64931
0.62814,0.86749,0.64979
0.63088,0.8684,0.65027
0.63362,0.86932,0.65075
0.63636,0.87023,0.65124
0.63911,0.87114,0.65172
0.64185,0.87204,0.65226
0.64459,0.87295,0.65281
0.64734,0.87385,0.65336
0.65008,0.87475,0.65391
0.65283,0.87566,0.65447
0.65557,0.87656,0.65502
0.65831,0.87746,0.65561
0.66105,0.87835,0.65623
0.6638,0.87925,0.65684
0.66654,0.88015,0.65746
0.66928,0.88104,0.65808
0.67202,0.88194,0.6587
0.67476,0.88284,0.65934
0.67749,0.88373,0.66002
0.68023,0.88462,0.6607
0.68296,0.88551,0.66139
0.68569,0.8864,0.66207
0.68843,0.8873,0.66275
0.69116,0.88819,0.66344
0.69388,0.88908,0.66419
0.69661,0.88997,0.66493
0.69933,0.89086,0.66568
0.70205,0.89175,0.66643
0.70478,0.89263,0.66717
0.7075,0.89352,0.66792
0.71021,0.89441,0.66872
0.71292,0.8953,0.66953
0.71563,0.89619,0.67033
0.71834,0.89708,0.67114
0.72105,0.89796,0.67195
0.72376,0.89885,0.67276
0.72646,0.89974,0.6736
0.72916,0.90063,0.67447
0.73185,0.90151,0.67533
0.73455,0.9024,0.6762
0.73724,0.90329,0.67707
0.73993,0.90418,0.67794
0.74262,0.90507,0.67882
0.7453,0.90595,0.67974
0.74798,0.90684,0.68067
0.75066,0.90773,0.68159
0.75334,0.90862,0.68251
0.75602,0.90951,0.68344
0.75869,0.9104,0.68436
0.76136,0.91129,0.68534
0.76402,0.91218,0.68632
0.76668,0.91307,0.6873
0.76934,0.91396,0.68827
0.772,0.91485,0.68925
0.77466,0.91574,0.69023
0.77731,0.91664,0.69125
0.77996,0.91753,0.69228
0.7826,0.91842,0.69331
0.78525,0.91932,0.69434
0.78789,0.92021,0.69537
0.79054,0.9211,0.6964
0.79318,0.922,0.69745
0.79581,0.9229,0.69853
0.79844,0.92379,0.69961
0.80107,0.92469,0.70068
0.80369,0.92559,0.70176
0.80632,0.92648,0.70284
0.80895,0.92738,0.70393
0.81157,0.92828,0.70506
0.81418,0.92918,0.70618
0.81679,0.93008,0.70731
0.81941,0.93099,0.70844
0.82202,0.93189,0.70956
0.82464,0.93279,0.71069
0.82724,0.93369,0.71186
0.82983,0.9346,0.71303
0.83243,0.93551,0.7142
0.83503,0.93641,0.71537
0.83763,0.93732,0.71654
0.84022,0.93822,0.71771
0.84281,0.93913,0.71891
0.8454,0.94004,0.72013
0.84798,0.94096,0.72134
0.85057,0.94187,0.72256
0.85315,0.94278,0.72377
0.85573,0.94369,0.72499
0.85831,0.9446,0.72621
0.86089,0.94552,0.72747
0.86346,0.94643,0.72873
0.86603,0.94735,0.72998
0.8686,0.94827,0.73124
0.87118,0.94918,0.73249
0.87375,0.9501,0.73375
0.87631,0.95102,0.73505
0.87887,0.95194,0.73634
0.88142,0.95287,0.73764
0.88398,0.95379,0.73893
0.88654,0.95471,0.74023
0.8891,0.95564,0.74152
0.89165,0.95656,0.74285
0.8942,0.95749,0.74418
0.89675,0.95842,0.74551
0.8993,0.95935,0.74685
0.90185,0.96027,0.74818
0.9044,0.9612,0.74952
0.90695,0.96213,0.75087
0.90949,0.96307,0.75224
0.91202,0.964,0.75361
0.91456,0.96494,0.75498
0.9171,0.96587,0.75635
0.91964,0.96681,0.75772
0.92218,0.96774,0.7591
0.92471,0.96868,0.7605
0.92725,0.96962,0.76191
0.92978,0.97056,0.76331
0.93231,0.9715,0.76472
0.93485,0.97244,0.76612
0.93738,0.97338,0.76753
0.93991,0.97433,0.76897
0.94243,0.97528,0.77041
0.94496,0.97622,0.77185
0.94748,0.97717,0.77329
0.95001,0.97812,0.77473
0.95253,0.97906,0.77617
0.95505,0.98001,0.77763
0.95758,0.98097,0.77911
0.9601,0.98192,0.78058
0.96262,0.98287,0.78205
0.96514,0.98382,0.78353
0.96767,0.98478,0.785
0.97018,0.98573,0.78649
0.9727,0.98669,0.788
0.97522,0.98765,0.7895
0.97773,0.98861,0.79101
0.98025,0.98957,0.79252
0.98277,0.99053,0.79403
0.96454,0.97285,0.77963
0.81591,0.838,0.66522
0.66728,0.70315,0.55082
0.51866,0.5683,0.43642
0.37003,0.43346,0.32202
0.2214,0.29861,0.20762
0.072775,0.16376,0.093222
0.052905,0.14623,0.077916
0.053518,0.14736,0.078375
0.054132,0.14849,0.078835
0.054746,0.14962,0.079295
0.05536,0.15075,0.079754
0.055974,0.15188,0.080214
0.056587,0.15301,0.08067
0.057199,0.15413,0.081123
0.057812,0.15525,0.081577
0.058425,0.15638,0.08203
0.059038,0.1575,0.082484
0.05965,0.15863,0.082937
0.06026,0.15975,0.083386
0.060862,0.16087,0.083824
0.061465,0.16199,0.084262
0.062068,0.16311,0.0847
0.06267,0.16423,0.085138
0.063273,0.16535,0.085576
0.063875,0.16647,0.086013
0.064467,0.16758,0.086434
0.065059,0.1687,0.086856
0.06565,0.16982,0.087277
0.066242,0.17093,0.087699
0.066834,0.17205,0.08812
0.067425,0.17317,0.088542
0.068009,0.17428,0.088951
0.068591,0.1754,0.089357
0.069173,0.17651,0.089762
0.069754,0.17763,0.090168
0.070336,0.17874,0.090574
0.070918,0.17985,0.09098
0.071494,0.18097,0.091378
0.072065,0.18208,0.091767
0.072637,0.18319,0.092157
0.073208,0.1843,0.092546
0.073779,0.18541,0.092936
0.074351,0.18653,0.093326
0.07492,0.18764,0.093712
0.075481,0.18875,0.094086
0.076043,0.18986,0.09446
0.076604,0.19097,0.094834
0.077166,0.19208,0.095208
0.077727,0.19319,0.095582
0.078289,0.1943,0.095956
0.078841,0.19541,0.096315
0.079393,0.19651,0.096673
0.079944,0.19762,0.097031
0.080496,0.19873,0.09739
0.081047,0.19984,0.097748
0.081599,0.20095,0.098106
0.082144,0.20206,0.098453
0.082686,0.20316,0.098796
0.083227,0.20427,0.099138
0.083769,0.20538,0.09948
0.084311,0.20648,0.099823
0.084853,0.20759,0.10017
0.085391,0.2087,0.1005
0.085924,0.2098,0.10083
0.086456,0.21091,0.10116
0.086989,0.21202,0.10148
0.087522,0.21312,0.10181
0.088055,0.21423,0.10214
0.088586,0.21533,0.10246
0.08911,0.21644,0.10278
0.089633,0.21754,0.10309
0.090157,0.21865,0.1034
0.090681,0.21976,0.10371
0.091204,0.22086,0.10402
0.091728,0.22197,0.10434
0.092244,0.22307,0.10463
0.092758,0.22418,0.10493
0.093273,0.22528,0.10523
0.093787,0.22639,0.10552
0.094302,0.22749,0.10582
0.094816,0.2286,0.10612
0.095326,0.2297,0.1064
0.095831,0.2308,0.10669
0.096337,0.23191,0.10697
0.096842,0.23301,0.10725
0.097348,0.23412,0.10753
0.097853,0.23522,0.10781
0.098356,0.23633,0.10809
0.098853,0.23743,0.10835
0.09935,0.23854,0.10862
0.099847,0.23964,0.10889
0.10034,0.24075,0.10915
0.10084,0.24185,0.10942
0.10134,0.24296,0.10969
0.10183,0.24406,0.10994
0.10232,0.24516,0.11019
0.1028,0.24627,0.11044
0.10329,0.24737,0.11069
0.10378,0.24848,0.11094
0.10427,0.24958,0.11119
0.10476,0.25069,0.11143
0.10524,0.25179,0.11167
0.10573,0.25289,0.11191
0.10622,0.254,0.11215
0.1067,0.2551,0.11238
0.10719,0.25621,0.11262
0.10769,0.25731,0.11285
0.10819,0.25841,0.11306
0.1087,0.25951,0.11328
0.10921,0.26061,0.11349
0.10971,0.26171,0.11371
0.11022,0.26281,0.11393
0.11073,0.26391,0.11414
0.11126,0.26501,0.11433
0.11179,0.2661,0.11452
0.11232,0.2672,0.11471
0.11285,0.2683,0.1149
0.11338,0.26939,0.11509
0.11391,0.27049,0.11527
0.11447,0.27158,0.11544
0.11503,0.27267,0.1156
0.11559,0.27376,0.11576
0.11616,0.27486,0.11592
0.11672,0.27595,0.11607
0.11728,0.27704,0.11623
0.11787,0.27813,0.11637
0.11848,0.27921,0.1165
0.11909,0.2803,0.11663
0.1197,0.28138,0.11676
0.12031,0.28247,0.11689
0.12092,0.28355,0.11701
0.12155,0.28463,0.11713
0.12223,0.28571,0.11722
0.1229,0.28678,0.11731
0.12358,0.28786,0.1174
0.12425,0.28893,0.11749
0.12493,0.29001,0.11759
0.12561,0.29108,0.11767
0.12638,0.29214,0.11772
0.12716,0.2932,0.11778
0.12793,0.29426,0.11783
0.1287,0.29532,0.11788
0.12948,0.29638,0.11793
0.13025,0.29745,0.11798
0.13115,0.29849,0.118
0.13207,0.29952,0.11801
0.13299,0.30056,0.11801
0.13392,0.3016,0.11802
0.13484,0.30264,0.11803
0.13576,0.30367,0.11804
0.13682,0.30469,0.11803
0.13798,0.30568,0.11801
0.13914,0.30668,0.11799
0.14031,0.30768,0.11796
0.14147,0.30867,0.11794
0.14264,0.30967,0.11792
0.1439,0.31065,0.11791
0.14543,0.31158,0.11794
0.14695,0.31251,0.11796
0.14848,0.31343,0.11799
0.15,0.31436,0.11801
0.15153,0.31529,0.11804
0.15305,0.31622,0.11807
0.15492,0.31707,0.11831
0.15678,0.31792,0.11855
0.15864,0.31877,0.11879
0.16051,0.31962,0.11903
0.16237,0.32047,0.11928
0.16423,0.32132,0.11952
0.16618,0.32214,0.11996
0.16815,0.32294,0.12048
0.17012,0.32375,0.121
0.17209,0.32455,0.12152
0.17407,0.32536,0.12203
0.17604,0.32616,0.12255
0.178,0.32696,0.12316
0.17994,0.32775,0.12388
0.18189,0.32854,0.12459
0.18383,0.32933,0.12531
0.18577,0.33012,0.12602
0.18772,0.3309,0.12674
0.18965,0.33169,0.12747
0.19154,0.33248,0.12831
0.19342,0.33326,0.12915
0.19531,0.33404,0.12999
0.19719,0.33483,0.13082
0.19908,0.33561,0.13166
0.20096,0.33639,0.1325
0.2028,0.33717,0.13341
0.20462,0.33796,0.13432
0.20645,0.33874,0.13524
0.20828,0.33952,0.13615
0.21011,0.3403,0.13707
0.21194,0.34108,0.13798
0.21374,0.34186,0.13893
0.21552,0.34264,0.1399
0.21729,0.34342,0.14087
0.21907,0.3442,0.14184
0.22085,0.34498,0.14281
0.22263,0.34577,0.14377
0.22439,0.34655,0.14476
0.22613,0.34733,0.14576
0.22787,0.34811,0.14677
0.22961,0.34889,0.14777
0.23134,0.34967,0.14878
0.23308,0.35045,0.14978
0.23482,0.35123,0.15079
0.23652,0.35201,0.15183
0.23822,0.35279,0.15286
0.23992,0.35357,0.1539
0.24163,0.35435,0.15493
0.24333,0.35513,0.15596
0.24503,0.35591,0.157
0.24671,0.35669,0.15805
0.24838,0.35747,0.15911
0.25006,0.35825,0.16016
0.25173,0.35903,0.16122
0.2534,0.35981,0.16228
0.25507,0.36059,0.16333
0.25674,0.36137,0.16438
0.25839,0.36215,0.16542
0.26005,0.36293,0.16646
0.26171,0.36371,0.1675
0.26336,0.36449,0.16855
0.26502,0.36527,0.16959
0.26668,0.36604,0.17062
0.26833,0.36682,0.17161
0.26999,0.3676,0.17261
0.27164,0.36837,0.1736
0.2733,0.36915,0.1746
0.27495,0.36993,0.17559
0.27661,0.37071,0.17658
0.27826,0.37148,0.17753
0.27991,0.37225,0.17848
0.28157,0.37303,0.17943
0.28322,0.3738,0.18037
0.28487,0.37458,0.18132
0.28653,0.37535,0.18227
0.28818,0.37613,0.18318
0.28983,0.3769,0.18408
0.29148,0.37767,0.18497
0.29314,0.37845,0.18587
0.29479,0.37922,0.18677
0.29644,0.37999,0.18767
0.29809,0.38077,0.18854
0.29974,0.38154,0.18939
0.30139,0.38231,0.19024
0.30304,0.38308,0.19109
0.3047,0.38386,0.19194
0.30635,0.38463,0.19279
0.308,0.3854,0.19363
0.30965,0.38617,0.19443
0.3113,0.38694,0.19524
0.31295,0.38771,0.19604
0.3146,0.38849,0.19684
0.31624,0.38926,0.19764
0.31789,0.39003,0.19844
0.31954,0.3908,0.19921
0.32119,0.39157,0.19996
0.32284,0.39234,0.20072
0.32449,0.39311,0.20147
0.32614,0.39389,0.20223
0.32778,0.39466,0.20298
0.32943,0.39543,0.20371
0.33108,0.3962,0.20442
0.33272,0.39697,0.20513
0.33437,0.39774,0.20584
0.33602,0.39851,0.20655
0.33767,0.39928,0.20726
0.33931,0.40006,0.20795
0.34096,0.40083,0.20862
0.3426,0.4016,0.20928
0.34425,0.40237,0.20994
0.3459,0.40314,0.21061
0.34754,0.40391,0.21127
0.34919,0.40469,0.21194
0.35083,0.40546,0.21256
0.35248,0.40623,0.21318
0.35413,0.407,0.2138
0.35577,0.40777,0.21442
0.35742,0.40855,0.21504
0.35906,0.40932,0.21566
0.36071,0.41009,0.21625
0.36235,0.41086,0.21683
0.364,0.41164,0.2174
0.36564,0.41241,0.21798
0.36729,0.41318,0.21856
0.36893,0.41395,0.21914
0.37058,0.41473,0.2197
0.37222,0.4155,0.22024
0.37387,0.41627,0.22077
0.37551,0.41705,0.22131
0.37716,0.41782,0.22185
0.3788,0.41859,0.22239
0.38045,0.41937,0.22292
0.3821,0.42014,0.22342
0.38374,0.42091,0.22391
0.38539,0.42169,0.22441
0.38703,0.42246,0.22491
0.38868,0.42324,0.22541
0.39033,0.42401,0.22591
0.39197,0.42479,0.22637
0.39362,0.42556,0.22683
0.39527,0.42634,0.2273
0.39691,0.42711,0.22776
0.39856,0.42789,0.22822
0.40021,0.42866,0.22868
0.40185,0.42944,0.22912
0.4035,0.43021,0.22954
0.40515,0.43099,0.22997
0.4068,0.43176,0.23039
0.40845,0.43254,0.23082
0.41009,0.43331,0.23125
0.41174,0.43409,0.23166
0.41339,0.43487,0.23205
0.41504,0.43564,0.23244
0.41669,0.43642,0.23283
0.41834,0.4372,0.23323
0.41999,0.43797,0.23362
0.42164,0.43875,0.23401
0.42329,0.43953,0.23437
0.42494,0.4403,0.23473
0.4266,0.44108,0.23509
0.42825,0.44186,0.23545
0.4299,0.44263,0.23581
0.43155,0.44341,0.23617
0.4332,0.44419,0.2365
0.43486,0.44497,0.23683
0.43651,0.44575,0.23716
0.43817,0.44652,0.23749
0.43982,0.4473,0.23782
0.44147,0.44808,0.23815
0.44313,0.44886,0.23846
0.44479,0.44964,0.23876
0.44644,0.45042,0.23906
0.4481,0.45119,0.23936
0.44976,0.45197,0.23966
0.45141,0.45275,0.23996
0.45307,0.45353,0.24025
0.45473,0.45431,0.24053
0.45639,0.45509,0.2408
0.45805,0.45587,0.24107
0.45971,0.45665,0.24134
0.46137,0.45743,0.24162
0.46303,0.45821,0.24189
0.46469,0.45899,0.24213
0.46635,0.45977,0.24237
0.46802,0.46055,0.24262
0.46968,0.46133,0.24286
0.47134,0.46211,0.24311
0.47301,0.46289,0.24335
0.47467,0.46367,0.24358
0.47634,0.46445,0.2438
0.478,0.46523,0.24402
0.47967,0.46601,0.24424
0.48134,0.4668,0.24446
0.483,0.46758,0.24468
0.48467,0.46836,0.24488
0.48634,0.46914,0.24508
0.48801,0.46992,0.24527
0.48968,0.4707,0.24547
0.49135,0.47149,0.24567
0.49302,0.47227,0.24586
0.49469,0.47305,0.24605
0.49636,0.47383,0.24622
0.49804,0.47462,0.24639
0.49971,0.4754,0.24656
0.50139,0.47618,0.24673
0.50306,0.47696,0.2469
0.50473,0.47775,0.24707
0.50641,0.47853,0.24722
0.50809,0.47931,0.24737
0.50977,0.4801,0.24751
0.51145,0.48088,0.24766
0.51312,0.48167,0.24781
0.5148,0.48245,0.24796
0.51648,0.48323,0.24809
0.51817,0.48402,0.24822
0.51985,0.4848,0.24834
0.52153,0.48559,0.24847
0.52321,0.48637,0.24859
0.5249,0.48716,0.24872
0.52658,0.48794,0.24883
0.52827,0.48873,0.24894
0.52995,0.48951,0.24904
0.53164,0.4903,0.24914
0.53333,0.49108,0.24924
0.53501,0.49187,0.24935
0.5367,0.49265,0.24945
0.53839,0.49344,0.24953
0.54009,0.49423,0.24961
0.54178,0.49501,0.24969
0.54347,0.4958,0.24978
0.54516,0.49659,0.24986
0.54685,0.49737,0.24994
0.54855,0.49816,0.25001
0.55024,0.49895,0.25007
0.55194,0.49974,0.25013
0.55364,0.50052,0.25019
0.55533,0.50131,0.25025
0.55703,0.5021,0.25031
0.55873,0.50289,0.25036
0.56043,0.50367,0.2504
0.56213,0.50446,0.25044
0.56384,0.50525,0.25048
0.56554,0.50604,0.25052
0.56724,0.50683,0.25056
0.56894,0.50762,0.25059
0.57065,0.50841,0.25061
0.57236,0.5092,0.25063
0.57406,0.50999,0.25065
0.57577,0.51077,0.25067
0.57748,0.51156,0.25069
0.57919,0.51235,0.25071
0.5809,0.51314,0.25071
0.58261,0.51393,0.25071
0.58432,0.51473,0.2507
0.58604,0.51552,0.2507
0.58775,0.51631,0.2507
0.58946,0.5171,0.2507
0.59118,0.51789,0.25069
0.5929,0.51868,0.25067
0.59461,0.51947,0.25065
0.59633,0.52026,0.25063
0.59805,0.52106,0.25061
0.59977,0.52185,0.25059
0.60149,0.52264,0.25056
0.60321,0.52343,0.25051
0.60494,0.52423,0.25047
0.60666,0.52502,0.25043
0.60839,0.52581,0.25039
0.61011,0.5266,0.25035
0.61184,0.5274,0.2503
0.61357,0.52819,0.25024
0.6153,0.52898,0.25018
0.61703,0.52978,0.25012
0.61876,0.53057,0.25006
0.62049,0.53137,0.25
0.62222,0.53216,0.24994
0.62396,0.53296,0.24985
0.6257,0.53375,0.24977
0.62744,0.53454,0.24969
0.62917,0.53534,0.2496
0.63091,0.53613,0.24952
0.63265,0.53692,0.24943
0.6344,0.53772,0.24935
0.63615,0.53851,0.24926
0.6379,0.5393,0.24917
0.63965,0.5401,0.24908
0.6414,0.54089,0.24899
0.64315,0.54168,0.2489
0.64491,0.54247,0.2488
0.64667,0.54326,0.2487
0.64844,0.54405,0.2486
0.6502,0.54484,0.2485
0.65197,0.54563,0.2484
0.65373,0.54642,0.24831
0.6555,0.54721,0.24821
0.65727,0.54799,0.24811
0.65905,0.54878,0.24801
0.66083,0.54957,0.24791
0.6626,0.55035,0.24781
0.66438,0.55114,0.24771
0.66615,0.55193,0.24761
0.66794,0.55271,0.24751
0.66973,0.5535,0.24741
0.67152,0.55428,0.24731
0.67331,0.55506,0.2472
0.6751,0.55585,0.2471
0.6769,0.55663,0.247
0.6787,0.55741,0.24689
0.6805,0.55819,0.24679
0.68231,0.55897,0.24669
0.68411,0.55975,0.24658
0.68592,0.56053,0.24648
0.68773,0.56131,0.24638
0.68954,0.56209,0.24628
0.69136,0.56286,0.24618
0.69318,0.56364,0.24608
0.695,0.56441,0.24599
0.69683,0.56519,0.24589
0.69865,0.56597,0.2458
0.70047,0.56674,0.2457
0.70231,0.56751,0.24562
0.70415,0.56828,0.24554
0.70599,0.56905,0.24545
0.70783,0.56982,0.24537
0.70967,0.57059,0.24529
0.71151,0.57136,0.24521
0.71336,0.57212,0.24515
0.71522,0.57288,0.24509
0.71709,0.57364,0.24503
0.71895,0.5744,0.24498
0.72081,0.57517,0.24492
0.72267,0.57593,0.24487
0.72454,0.57668,0.24484
0.72643,0.57743,0.24485
0.72831,0.57818,0.24487
0.7302,0.57893,0.24488
0.73208,0.57968,0.24489
0.73396,0.58043,0.24491
0.73585,0.58118,0.24495
0.73777,0.58191,0.24516
0.73968,0.58264,0.24536
0.7416,0.58337,0.24557
0.74351,0.5841,0.24577
0.74542,0.58483,0.24598
0.74734,0.58556,0.24618
0.749,0.58638,0.24744
0.75062,0.58721,0.2488
0.75225,0.58804,0.25017
0.75388,0.58888,0.25154
0.75551,0.58971,0.25291
0.75714,0.59054,0.25428
0.75833,0.59158,0.25626
0.75926,0.59274,0.25861
0.76019,0.59391,0.26095
0.76112,0.59507,0.2633
0.76205,0.59624,0.26564
0.76298,0.5974,0.26799
0.76386,0.59859,0.27033
0.76464,0.59984,0.27266
0.76543,0.60108,0.27499
0.76621,0.60233,0.27732
0.76699,0.60357,0.27965
0.76778,0.60482,0.28199
0.76856,0.60607,0.28431
0.76929,0.60734,0.28661
0.77003,0.60862,0.28891
0.77076,0.60989,0.29121
0.77149,0.61117,0.29351
0.77223,0.61244,0.2958
0.77296,0.61372,0.2981
0.77368,0.61501,0.30038
0.77439,0.6163,0.30264
0.7751,0.61759,0.30491
0.77581,0.61888,0.30717
0.77652,0.62018,0.30944
0.77723,0.62147,0.31171
0.77793,0.62277,0.31396
0.77863,0.62407,0.31621
0.77932,0.62537,0.31845
0.78002,0.62668,0.3207
0.78071,0.62798,0.32294
0.7814,0.62929,0.32519
0.7821,0.63059,0.32743
0.78278,0.63191,0.32966
0.78346,0.63322,0.33189
0.78414,0.63454,0.33412
0.78483,0.63585,0.33635
0.78551,0.63717,0.33857
0.78619,0.63848,0.3408
0.78687,0.6398,0.34302
0.78754,0.64112,0.34523
0.78822,0.64245,0.34745
0.78889,0.64377,0.34966
0.78957,0.64509,0.35188
0.79024,0.64641,0.35409
0.79092,0.64774,0.3563
0.79159,0.64907,0.3585
0.79226,0.65039,0.3607
0.79293,0.65172,0.3629
0.7936,0.65305,0.3651
0.79428,0.65438,0.3673
0.79494,0.65571,0.36949
0.79561,0.65704,0.37169
0.79628,0.65838,0.37388
0.79694,0.65971,0.37608
0.79761,0.66105,0.37827
0.79827,0.66238,0.38047
0.79894,0.66372,0.38266
0.7996,0.66506,0.38484
0.80027,0.6664,0.38702
0.80093,0.66774,0.38921
0.8016,0.66908,0.39139
0.80227,0.67042,0.39357
0.80293,0.67176,0.39576
0.80359,0.6731,0.39794
0.80425,0.67445,0.40012
0.80491,0.6758,0.4023
0.80557,0.67714,0.40448
0.80623,0.67849,0.40667
0.80689,0.67984,0.40885
0.80756,0.68118,0.41103
0.80822,0.68254,0.4132
0.80888,0.68389,0.41537
0.80954,0.68524,0.41755
0.8102,0.68659,0.41972
0.81086,0.68794,0.4219
0.81152,0.68929,0.42407
0.81219,0.69065,0.42624
0.81285,0.692,0.42841
0.81351,0.69336,0.43058
0.81417,0.69471,0.43274
0.81484,0.69607,0.43491
0.8155,0.69742,0.43708
0.81616,0.69878,0.43925
0.81682,0.70014,0.44142
0.81748,0.7015,0.44359
0.81814,0.70287,0.44576
0.8188,0.70423,0.44793
0.81946,0.70559,0.4501
0.82012,0.70695,0.45227
0.82079,0.70832,0.45443
0.82145,0.70968,0.4566
0.82211,0.71105,0.45877
0.82277,0.71241,0.46094
0.82343,0.71378,0.46311
0.8241,0.71515,0.46527
0.82476,0.71652,0.46744
0.82542,0.71789,0.46961
0.82609,0.71926,0.47177
0.82675,0.72063,0.47394
0.82741,0.722,0.4761
0.82808,0.72337,0.47827
0.82874,0.72474,0.48044
0.82941,0.72612,0.4826
0.83007,0.72749,0.48477
0.83074,0.72887,0.48694
0.8314,0.73024,0.4891
0.83207,0.73162,0.49127
0.83273,0.733,0.49345
0.83339,0.73438,0.49562
0.83406,0.73576,0.4978
0.83472,0.73714,0.49998
0.83538,0.73852,0.50215
0.83605,0.7399,0.50433
0.83671,0.74128,0.50651
0.83738,0.74267,0.50869
0.83805,0.74405,0.51086
0.83872,0.74543,0.51304
0.83938,0.74682,0.51522
0.84005,0.7482,0.5174
0.84072,0.74959,0.51958
0.84139,0.75098,0.52176
0.84207,0.75236,0.52394
0.84274,0.75375,0.52612
0.84341,0.75514,0.5283
0.84408,0.75653,0.53048
0.84476,0.75792,0.53266
0.84544,0.75931,0.53485
0.84611,0.7607,0.53703
0.84679,0.76209,0.53921
0.84747,0.76348,0.5414
0.84815,0.76487,0.54358
0.84882,0.76627,0.54576
0.84951,0.76766,0.54795
0.85019,0.76906,0.55013
0.85088,0.77045,0.55231
0.85156,0.77185,0.5545
0.85225,0.77324,0.55668
0.85293,0.77464,0.55887
0.85362,0.77604,0.56105
0.85431,0.77743,0.56324
0.855,0.77883,0.56543
0.85569,0.78023,0.56761
0.85638,0.78163,0.5698
0.85707,0.78303,0.57199
0.85776,0.78443,0.57417
0.85846,0.78584,0.57637
0.85916,0.78724,0.57856
0.85985,0.78864,0.58075
0.86055,0.79005,0.58294
0.86125,0.79145,0.58513
0.86194,0.79285,0.58732
0.86265,0.79426,0.58951
0.86335,0.79567,0.59171
0.86405,0.79708,0.5939
0.86475,0.79848,0.59609
0.86546,0.79989,0.59829
0.86616,0.8013,0.60048
0.86687,0.80271,0.60268
0.86758,0.80412,0.60488
0.86829,0.80553,0.60707
0.869,0.80694,0.60927
0.86971,0.80835,0.61147
0.87042,0.80977,0.61367
0.87113,0.81118,0.61586
0.87185,0.8126,0.61806
0.87257,0.81401,0.62026
0.87329,0.81543,0.62246
0.87401,0.81684,0.62466
0.87473,0.81826,0.62686
0.87545,0.81967,0.62906
0.87618,0.82109,0.63126
0.8769,0.82251,0.63347
0.87763,0.82393,0.63567
0.87835,0.82535,0.63787
0.87908,0.82677,0.64008
0.87981,0.82819,0.64228
0.88054,0.82962,0.64449
0.88128,0.83104,0.6467
0.88201,0.83247,0.6489
0.88275,0.83389,0.65111
0.88348,0.83532,0.65332
0.88422,0.83674,0.65553
0.88496,0.83817,0.65773
0.8857,0.83959,0.65994
0.88645,0.84102,0.66215
0.88719,0.84245,0.66436
0.88793,0.84388,0.66657
0.88868,0.84531,0.66878
0.88943,0.84674,0.671
0.89018,0.84817,0.67321
0.89093,0.8496,0.67543
0.89169,0.85104,0.67764
0.89244,0.85247,0.67986
0.89319,0.8539,0.68208
0.89395,0.85534,0.68429
0.89471,0.85677,0.68651
0.89548,0.85821,0.68872
0.89624,0.85965,0.69094
0.897,0.86109,0.69316
0.89777,0.86252,0.69537
0.89853,0.86396,0.69759
0.89931,0.8654,0.69981
0.90008,0.86684,0.70203
0.90085,0.86828,0.70426
0.90163,0.86973,0.70648
0.9024,0.87117,0.7087
0.90318,0.87261,0.71093
0.90396,0.87405,0.71315
0.90474,0.8755,0.71538
0.90553,0.87695,0.7176
0.90632,0.87839,0.71982
0.9071,0.87984,0.72205
0.90789,0.88128,0.72427
0.90868,0.88273,0.7265
0.90948,0.88418,0.72873
0.91028,0.88563,0.73096
0.91107,0.88708,0.73318
0.91187,0.88853,0.73541
0.91267,0.88998,0.73764
0.91347,0.89143,0.73987
0.91428,0.89289,0.7421
0.91509,0.89434,0.74434
0.9159,0.8958,0.74657
0.91671,0.89725,0.7488
0.91752,0.89871,0.75104
0.91833,0.90016,0.75327
0.91915,0.90162,0.75551
0.91997,0.90308,0.75774
0.9208,0.90454,0.75998
0.92162,0.906,0.76222
0.92244,0.90746,0.76445
0.92327,0.90892,0.76669
0.9241,0.91038,0.76893
0.92493,0.91185,0.77117
0.92577,0.91331,0.77341
0.92661,0.91477,0.77565
0.92745,0.91624,0.77789
0.92829,0.9177,0.78013
0.92913,0.91917,0.78237
0.92998,0.92063,0.78461
0.93083,0.9221,0.78685
0.93169,0.92357,0.78909
0.93254,0.92504,0.79133
0.93339,0.92651,0.79358
0.93425,0.92798,0.79582
0.93511,0.92945,0.79806
0.93598,0.93092,0.80031
0.93685,0.93239,0.80255
0.93772,0.93387,0.8048
0.93859,0.93534,0.80704
0.93946,0.93681,0.80928
0.94034,0.93829,0.81153
0.94122,0.93976,0.81378
0.94211,0.94124,0.81603
0.94299,0.94272,0.81827
0.94388,0.94419,0.82052
0.94476,0.94567,0.82277
0.94565,0.94715,0.82502
0.94656,0.94863,0.82727
0.94746,0.95011,0.82952
0.94836,0.95159,0.83177
0.94926,0.95307,0.83402
0.95017,0.95456,0.83627
0.95107,0.95604,0.83852
0.95199,0.95752,0.84077
0.95291,0.95901,0.84302
0.95383,0.9605,0.84527
0.95475,0.96198,0.84753
0.95567,0.96347,0.84978
0.95659,0.96495,0.85203
0.95753,0.96644,0.85428
0.95847,0.96793,0.85654
0.95941,0.96942,0.85879
0.96035,0.97091,0.86104
0.96129,0.9724,0.8633
0.96223,0.97389,0.86555
0.96318,0.97538,0.86781
0.96414,0.97688,0.87006
0.96509,0.97837,0.87232
0.96605,0.97987,0.87458
0.96701,0.98136,0.87683
0.96797,0.98286,0.87909
0.96893,0.98435,0.88135
0.96991,0.98585,0.88361
0.97088,0.98735,0.88587
0.97186,0.98885,0.88814
0.97284,0.99035,0.8904
0.97381,0.99185,0.89266
0.97479,0.99335,0.89492
